5.36606995434438,4.18316066180553,3.93289080915881,4.73906358047319,4.58796609217184
4.66057648140861,3.82547771540233,3.72334571077155,4.36160830480693,3.5445070987689
3.44925869773752,3.32681465042878,3.60759908782677,3.50050760079623,3.49500982963575
3.35321221103555,3.18768391191759,3.47178130565962,3.33660874851301,3.40633283174519
3.33229540708915,3.1318028385064,3.31454672287338,3.15178582224246,3.25138686516822
3.32010379234124,2.98781273144689,3.28675493371809,3.02018371134167,3.17226582359589
3.26564457273488,2.89848538731417,3.26322007752374,2.98856468587178,3.15668168205423
3.26384521022659,2.86996994587003,3.12325410174368,2.95245887253717,3.0995319675564
3.23166965484024,2.85715654340355,3.12026783516539,2.95166811307083,3.07909644254413
3.22972643876322,2.85611263719768,3.06621304263877,2.81259947968886,3.017058110561
3.09573794917689,2.78769873273145,3.01296365317105,2.75125051224585,2.9778788678221
3.03174696012342,2.77276703496725,2.89350761154359,2.74169769315585,2.92468324965554
3.03021867488209,2.77154104497957,2.85753256049583,2.71893195118742,2.87799248237725
3.01837644072793,2.76634432029206,2.85687646800269,2.7140037700412,2.77812536587836
2.9451966397972,2.75113786199436,2.84384171373854,2.6521760823788,2.75290199406718
2.91305974606211,2.72833273091872,2.77841971542713,2.62900537133287,2.74014394076639
2.90408409195185,2.66363729161456,2.76629645866252,2.62503251603572,2.69215995673763
2.89023300690755,2.63459683867572,2.75090149842704,2.59773979516803,2.68750895782121
2.8522030917054,2.6165236749091,2.7249058707132,2.59169722072673,2.64636623947094
2.76473200756014,2.61210848876454,2.68688150201695,2.58160795480479,2.61431975810262
2.73268181541457,2.60087736038526,2.68544871068265,2.57139248244863,2.61187635131078
2.70271417829372,2.59576030877028,2.68295368698161,2.55418443054425,2.55827798457981
2.6282553025656,2.58700207564382,2.67907027712323,2.54839992595422,2.52998491825349
2.62342542088666,2.55349949128642,2.62343974550147,2.47870678381769,2.48525580691211
2.60270070424784,2.52801326550842,2.61410051598249,2.44402035563064,2.48251391504321
2.58201639653004,2.52581141005759,2.60490167754246,2.43816644318355,2.40134219528791
2.57795736026455,2.51077404827796,2.59816635694809,2.42131704545419,2.37640494447989
2.57392677266704,2.50094941846853,2.58919488586105,2.41572974296107,2.37261116266457
2.5697007254061,2.4785154712005,2.58519406718875,2.41202574423988,2.3488609630782
2.54288230836666,2.47505074790693,2.54517531605988,2.40508783777385,2.33971962810868
2.52408390417937,2.47428951597176,2.4563649651401,2.40216453677195,2.33957014797042
2.51033833477079,2.46150015539535,2.44916068830742,2.38324023571289,2.32941162713791
2.48729974743349,2.41245609465962,2.42951432598815,2.34536009910997,2.32510621579452
2.48537649792901,2.39684879642498,2.40486565647464,2.34511101212512,2.31918700688578
2.48241669586355,2.36615047400718,2.40477986928604,2.34368074330124,2.31271015951869
2.47950253382412,2.31995972827936,2.38741798928577,2.33549916989762,2.27829637327249
2.47773217900713,2.31589454474819,2.38047883213277,2.32669193231319,2.25269245571152
2.47603337185626,2.31568045376048,2.36579553756009,2.32396160245024,2.23422920554027
2.45551074826974,2.31526376644488,2.36436548430787,2.27388642443836,2.18837612369425
2.44930022721002,2.31490844303007,2.36356635342689,2.23595256373314,2.17252044971172
2.41411971740606,2.30742867254783,2.34248061528116,2.21429945643753,2.16815138177171
2.40070960066694,2.28990253290272,2.33880714764215,2.20156161853452,2.1637172862441
2.39802702657463,2.28495311060835,2.29877653863668,2.19700986055471,2.15752840620634
2.39172995361974,2.26689500869935,2.27623573814904,2.1846602948639,2.15600274993163
2.37517790433837,2.26136100158697,2.26710784613874,2.16576109240819,2.15519452904508
2.36261776913406,2.24661732789712,2.26007308176444,2.14923991618829,2.1461828914116
2.35458610983703,2.24469571007147,2.25913457441218,2.14371625032223,2.14347858898992
2.35113482831891,2.24450870593649,2.23476181460062,2.13818527533148,2.14289111192086
2.34693154866119,2.21713401850468,2.21113558316471,2.13603857534442,2.08967968040241
2.33256776876943,2.21667029785892,2.20986459784834,2.12784152614775,2.08955716125146
2.32572335645158,2.21629665254335,2.19155111980367,2.11991387988906,2.07164745552076
2.30629073270181,2.19198967564562,2.18663653206575,2.10368798008621,2.06813185237161
2.30458325831945,2.19024226066572,2.18591391779938,2.09676957631835,2.05569556120745
2.27674035498147,2.17831076383188,2.18509543579176,2.09336433662633,2.04476902479706
2.27156511743003,2.16452391748587,2.18019160999444,2.09243400598816,2.03870384789948
2.26350626173642,2.16407337902699,2.1696179125379,2.08374178567239,2.03663298576561
2.24891734028505,2.16203776990992,2.15229010285996,2.07371182783709,2.00410419097605
2.23602623200834,2.1561336159877,2.13560051023135,2.07157020593634,1.99297101157877
2.18901579874014,2.14759404461592,2.11905730720869,2.063857693092,1.99032033821232
2.16580668556657,2.13217348250369,2.11892886362993,2.04301697873729,1.9811872610512
2.1392947031545,2.13032429245302,2.1126606131894,2.03556745242637,1.98071595409221
2.13831338531767,2.12615269716404,2.10724824798181,2.0308047477265,1.96004587495014
2.13681683302294,2.10914613220754,2.10672245595564,2.01609588654918,1.94956768780299
2.12967529492911,2.09174148706861,2.10167557331152,2.01366226934499,1.94644245823938
2.12547595754202,2.06618715730326,2.09198457503952,2.00605828131427,1.942485065736
2.12277875585967,2.05722353740871,2.08883533464324,2.00027257729123,1.9410567545077
2.10904030285658,2.05628818194166,2.0814811755699,1.9917043073863,1.93199838754257
2.10534827091794,2.0536703442298,2.03776678111179,1.99091443841428,1.92001677046667
2.07665644678807,2.04658120772425,2.03365142826005,1.9821290758835,1.9111203207101
2.07129941318987,2.0287706917228,1.99451209280837,1.97667415649833,1.90303510066416
2.06947643531558,1.99884618302388,1.98871723946121,1.97250156744437,1.89956243508242
2.06711528538038,1.9980863781819,1.98345105058592,1.96098225523285,1.89165639265978
2.06396594585901,1.99528546322702,1.95434241979995,1.95985365257245,1.89064211216496
2.06311808284429,1.9941371610839,1.94357553439206,1.95550442819704,1.87507297727731
2.05678634374719,1.99236590511936,1.92459381547489,1.95114198165112,1.874137743001
2.05597885550833,1.98889729997586,1.91949725815428,1.9479717825823,1.8731356469344
2.05460356355495,1.97645529264098,1.91677999091232,1.94683309532067,1.85791376657859
2.04224267542461,1.97327278541559,1.90889631419108,1.94594121403811,1.85574215140202
2.03468635484909,1.96448439825617,1.90333979447737,1.94393561734214,1.85412135674756
2.03081194011993,1.95866367419491,1.88835761633438,1.94086334281017,1.85411284554885
2.0293866299915,1.95314722281716,1.88805774236975,1.93473575259728,1.85299939741187
2.01836571640368,1.9528706122362,1.88346846193081,1.93348974419481,1.85199309470126
2.00934254983273,1.93990401738021,1.88125591003167,1.92205988892412,1.85080349038675
1.99281975570498,1.9386853184944,1.87843562109827,1.91966388919627,1.84901914419819
1.9850450683925,1.93697018354639,1.87526041233911,1.91094253948277,1.84789306050965
1.98144507803458,1.93327491151179,1.87364930857521,1.9085525049723,1.84695870752197
1.97137770111394,1.9269719562906,1.8669812810077,1.88758257331671,1.84313971332805
1.96991460832354,1.91957579698612,1.86643803011782,1.88252177236959,1.84112565525548
1.9696297923962,1.91635469250433,1.86528683614573,1.87596541978098,1.84004132357166
1.96882869550454,1.89719654820933,1.85507613008953,1.86498858738998,1.83465629813157
1.95074111910948,1.89599321409197,1.85404152599819,1.85166892392909,1.83129670309595
1.94101339719816,1.89482544907567,1.85401695302569,1.84434915459201,1.81504115219028
1.93002404856791,1.89117061157074,1.85282829190853,1.84132409690092,1.80385245311086
1.92807861613598,1.89043845295723,1.85185765290058,1.83083802192415,1.79882949049491
1.92714785139821,1.87991910312942,1.83708228304571,1.82875550228262,1.79873338465047
1.92321676711269,1.87655251927397,1.83642339378164,1.82533930980153,1.79636728963815
1.92067296324683,1.86935413663928,1.82857755949846,1.8248053940239,1.79548108042636
1.9122779465233,1.85928190120247,1.82794151825189,1.82456683387722,1.78907462398212
1.90965001919099,1.85678569997183,1.82527979869315,1.82048605333584,1.7859226620447
1.9090770519879,1.85643616408198,1.82100667450651,1.81659443644396,1.77680656717563
1.89854509426631,1.85281543448357,1.82069403477774,1.79633703645919,1.76089341092196
1.89559871009248,1.85184455496046,1.820474721496,1.79274696709255,1.75765722917005
1.89231090771959,1.84901742122945,1.81886303930733,1.77736146666225,1.75722606095042
1.88885989239166,1.84403840785356,1.78796988506601,1.77591203802614,1.75461666042918
1.88091786614007,1.83562577089606,1.78534050651961,1.77130060417375,1.75130687665041
1.87991491427773,1.83508357988183,1.7839761934006,1.76009282777488,1.74790247148745
1.87891274802212,1.83204478067976,1.77994170787986,1.75212166579021,1.73459234078597
1.86552730358161,1.82103706670048,1.77011221639995,1.75119124811971,1.72853665580463
1.86285081522682,1.82060226422583,1.76331704552978,1.75010987802172,1.72447965558846
1.85873407171925,1.80746912338304,1.75593365022259,1.74831319044511,1.72177984200592
1.84928763433901,1.80702235344044,1.74211894155718,1.74822540021535,1.71399194733476
1.84872846630595,1.80511869929781,1.73869553833073,1.74289555348574,1.71259210503651
1.83648181744087,1.80068048100364,1.73803242406716,1.73891835254876,1.71007782729818
1.83484727240162,1.79714661759213,1.73635193688256,1.73704698701833,1.7098660266323
1.82597322796124,1.79578970377118,1.73626378035096,1.73589756641421,1.69794344164613
1.82386759788385,1.7897095733996,1.7353201842998,1.73175787805203,1.69232430646771
1.82192830810459,1.77826330540517,1.73455820170604,1.7299911029871,1.68983858454299
1.82049500144493,1.77289115624173,1.72654798107979,1.72976335544874,1.68946627961853
1.81023744547019,1.77187822218617,1.71674283386867,1.72240241335893,1.6852227503841
1.79843104688655,1.77091732510272,1.71286517706654,1.71711945885927,1.6788482046883
1.78713140530898,1.7600228591374,1.70903419607497,1.71040346051271,1.67409832748807
1.78654269465771,1.75236950998404,1.70807715632161,1.70998170007071,1.67351583728566
1.78641030349379,1.74843054208569,1.70563217042541,1.70904630361657,1.67064835932662
1.78129583829778,1.74730854827905,1.70003548794186,1.70334999408737,1.65131327266818
1.78010809624951,1.73879704181447,1.6985173927275,1.68690739322979,1.64919077763505
1.77219430189848,1.73663377288006,1.69787517119047,1.68148960420031,1.64526959296656
1.76956755831101,1.7252655935577,1.69712865707035,1.68028633690323,1.6451339159125
1.76455773663915,1.72222776371172,1.69530654938139,1.67856360492532,1.64442161135024
1.76024857264511,1.72009733128426,1.69375579440185,1.67792483283581,1.63752794523263
1.75263732582312,1.71601974713029,1.69110032573269,1.67270527333986,1.63723790617888
1.74801918814149,1.70818166677903,1.69001796219518,1.67266383815459,1.63675959696429
1.72946222494331,1.70784741648556,1.68939952036779,1.66398011971844,1.62816761716616
1.72820597625832,1.69834044877568,1.68578800778023,1.66132284668212,1.62808922698884
1.71887261722832,1.69777703036167,1.68096886867226,1.65589478348202,1.62779182154849
1.71763776025181,1.68207315093997,1.66184686692469,1.65204575017673,1.62626470286681
1.71694294069852,1.67893580175534,1.65198110422677,1.64742713123443,1.62192199534292
1.71693058666161,1.67805821907726,1.64255019535618,1.64656314060084,1.62161953609501
1.7169175639395,1.67788472498025,1.63728662448716,1.64361563626006,1.61864028678288
1.71597803670466,1.67590383683359,1.63680141923977,1.63916152814886,1.61675262113753
1.71585220057196,1.67485047410857,1.63248126356786,1.62169760706065,1.61361941455175
1.71404850180186,1.66193104014664,1.63171228355777,1.61412348851236,1.61349746310041
1.71319612941024,1.66120322023948,1.62987686859204,1.61040263906428,1.61240072222467
1.71146290988584,1.65970177610448,1.62771282357369,1.60852694463937,1.60611761279949
1.69414361649172,1.651630390524,1.62473966059331,1.5960082073594,1.60055208839093
1.69080534466264,1.65031348666225,1.61021408556629,1.59309060993189,1.59966519575651
1.68727924231196,1.64799622762716,1.60931705247271,1.5882054884292,1.59767841469419
1.68470021978205,1.64481311657205,1.60916456749277,1.58816890147546,1.59736970433464
1.68345310295155,1.64380838394403,1.59987832113821,1.58295927483662,1.5784976862614
1.68283448796395,1.63820571289226,1.59935550469517,1.57619531712363,1.57190649718098
1.68277466705242,1.63588097166177,1.59011342791269,1.57493856032703,1.56992222754273
1.68017303828518,1.63520650791111,1.58929421768667,1.57103901291297,1.56688045062816
1.67890601573841,1.62858269578733,1.58156502413877,1.56706206002295,1.56556078823419
1.67616926122761,1.62659909637614,1.56992792791779,1.56590902627107,1.56409592001455
1.67564172265467,1.62527323029093,1.56797675219857,1.55679377545815,1.56108972965497
1.67190364550271,1.62238654206922,1.56069869556239,1.55171610811717,1.56093334684432
1.67166735967078,1.61850394909141,1.55415715107501,1.55056463985845,1.56088550096074
1.66382229720548,1.61452855974966,1.55157920074467,1.54981074014432,1.55962832423574
1.6549973775647,1.61334582447882,1.54922790287482,1.54884145386074,1.55733661082283
1.65123080281606,1.60438895342981,1.54639005884702,1.53752095442195,1.55626416534301
1.64985263572413,1.59720245651175,1.54484122273554,1.53597297199221,1.55573522776134
1.64976665361983,1.59304480217806,1.53716668317995,1.53478942857359,1.55322814924567
1.64461970313574,1.58851141844845,1.53428633488519,1.5323885284274,1.54520106410811
1.63960226121858,1.58747454740921,1.53208339931052,1.53059240051398,1.54381199932702
1.63291911564851,1.58437530853101,1.53201908012599,1.51358819937657,1.54304054017688
1.63211489803352,1.56519122383241,1.52586944204808,1.50074045904338,1.54291389975468
1.63058245178592,1.56202925432147,1.52443350408589,1.49205719743511,1.53843827386407
1.62957684345809,1.56095831044611,1.52072819508374,1.48479535254819,1.53539116803473
1.62348096079134,1.56019286987178,1.51702186091214,1.48364881966272,1.53043103540898
1.62297453786707,1.54820890669345,1.51227351506858,1.47627567541263,1.5283402899791
1.61925534593538,1.54793233614965,1.50757067255179,1.47596510151581,1.52495462249453
1.61522172140945,1.51462587340408,1.50697019612469,1.47534208111865,1.52423584730001
1.61393740737457,1.51171108548413,1.50002140510154,1.47414290251907,1.52180015723183
1.60857160782864,1.50993404437968,1.49928622858116,1.47256456544055,1.5163334968706
1.60691311898493,1.50828708004462,1.49866257767066,1.46733150678404,1.51402646124552
1.60257068698247,1.50729813625033,1.49611863464212,1.46628089687021,1.51174675834093
1.59609846340152,1.50533405870304,1.49610226722754,1.46564465987321,1.51081298738978
1.59473839783229,1.50522844098199,1.49358985401486,1.46421725096712,1.50326960275667
1.59400670360373,1.49792953811396,1.49277748412402,1.46156979503368,1.49801192946535
1.58795532208009,1.49566191087263,1.48701417177161,1.46080377067673,1.48895009769789
1.58652062979942,1.4910054280261,1.48285078577286,1.46018759592506,1.48792205637887
1.58460075746964,1.49051743349867,1.47943736198023,1.45936111710265,1.48254132022242
1.57892881623867,1.48289645104908,1.47677216586189,1.45908032562286,1.47789556805999
1.57473915127091,1.4784942987079,1.47481651373483,1.45566765067765,1.47547759714594
1.57364111712575,1.47555506065666,1.47041872854928,1.45461320642815,1.47225052229285
1.57032784257652,1.47186477558601,1.46303894762911,1.45197406325686,1.47024954923078
1.56366053818607,1.46862039585381,1.46023016996147,1.4471866206678,1.46952493501829
1.56332647229097,1.45919807379967,1.45931006060083,1.44582709134282,1.46918061336252
1.54989788504144,1.45780142812276,1.45411411395062,1.44407633378818,1.4652647897855
1.54048063988646,1.45671450793271,1.44563013845939,1.44340287745143,1.46301269899764
1.53968431207941,1.4557555746,1.44423514337669,1.44061624154031,1.45244431743438
1.53048311744664,1.45271546759362,1.44106035736647,1.434893648915,1.44998686036653
1.52825410719725,1.45212258766609,1.43935936035456,1.42946341680235,1.44503616668932
1.52819257775798,1.45092686241812,1.43527034095131,1.41958253499363,1.44326589110015
1.52243893530707,1.44875728261166,1.43053198971909,1.41780658489731,1.44245919682459
1.52196214996571,1.43931462779746,1.42145150921516,1.4151129891677,1.43986772081779
1.5195239488589,1.43719818155775,1.41845907556989,1.41005454764187,1.4398442682622
1.51623635894326,1.43669983778557,1.41708712926403,1.40800159433623,1.43189742080759
1.5149910004175,1.43648726422201,1.41317530162798,1.40758996721032,1.42248932072439
1.51443884869363,1.43263756611557,1.412704905015,1.40747976689216,1.41942560009254
1.51323389350743,1.43103840595115,1.41151011417848,1.40502713831783,1.41771576183145
1.51033834085696,1.4304275336121,1.40903235477969,1.40055194133666,1.41397813015242
1.49971737840163,1.4268508328729,1.40281633680858,1.39377276994146,1.40623813689544
1.49433852266537,1.42430975818501,1.39841841145687,1.38457027367036,1.40425473180608
1.49330085865621,1.42289518982106,1.39267760468245,1.38320347052887,1.39949880618499
1.48909157178878,1.42202369277717,1.39106524334069,1.37820192086882,1.39892654973903
1.48801726975046,1.4187279403882,1.39017791065465,1.37061701442698,1.39780898384297
1.48336528619595,1.41469438640161,1.38828044163418,1.3696797253187,1.39437911284523
1.47678420858101,1.41366127577943,1.38600344399353,1.36747785055782,1.39320855471656
1.46722238468487,1.41298369443101,1.38424617399565,1.3673918846682,1.39042762077919
1.46553555423211,1.40859266138668,1.38000789681145,1.36441897278164,1.3851879861075
1.46210455259252,1.4074702322596,1.3763638538512,1.36368044350913,1.38059008671687
1.45864027403693,1.40148909009519,1.37149919451577,1.36365508869026,1.3787406412707
1.45300084912524,1.39799477702206,1.3696665615581,1.36360914377982,1.37569862551853
1.44998853170978,1.39565664653885,1.36741167652298,1.35700594250222,1.37486826450703
1.44366718608352,1.38552338372041,1.36297964968444,1.35468757338841,1.37419018551347
1.44277171093297,1.38439921830726,1.36077025785666,1.33223792598097,1.37114904689279
1.44137935023124,1.3797458551856,1.3604765631757,1.33222757899993,1.36618157260773
1.43793835732825,1.3766373700908,1.35996319692381,1.32960060185066,1.36307547085218
1.43677106859885,1.3732883295275,1.35548121690704,1.32405424341604,1.35936426903915
1.43528552820111,1.37103392659803,1.34539294805023,1.30868571268456,1.35863549407405
1.43400812702526,1.36634903007792,1.34391967650044,1.30807253847237,1.3560802870518
1.43187742075681,1.36568439415101,1.34302602278265,1.30228529916353,1.35571788179682
1.42925656527173,1.36521748384531,1.34137445793162,1.29909176277948,1.35526067511671
1.42043417379013,1.36078486206436,1.33951793919127,1.29394245267165,1.35045121011325
1.41514335357383,1.3590706530613,1.33923738991981,1.29039708885137,1.34843005962048
1.40629651077065,1.35764619490315,1.33872569388074,1.28953470222621,1.34633546992838
1.4027828576378,1.35651043690119,1.33082602100291,1.28369977980834,1.34559910845185
1.39990123962112,1.34893087789504,1.32675968733451,1.28364862333802,1.34390717299409
1.38904696442494,1.3356555094542,1.32559238387325,1.28236305313696,1.34306313063601
1.38893124473865,1.33064622273282,1.3241189168592,1.28174839640358,1.33645098703128
1.38820790099653,1.32918418212006,1.32338835179478,1.27984182562991,1.33638745900818
1.38729559422991,1.32711601998894,1.32292139721577,1.27726666824872,1.3260267015285
1.38363954632095,1.32525430256573,1.31897713873465,1.27605517442335,1.3222902940886
1.37665561656236,1.32478992886212,1.31863108308153,1.27475626279193,1.3218395377756
1.37585720700625,1.32313148512861,1.31290396992975,1.27051369508278,1.31734802238838
1.37461249782874,1.32118331458869,1.31041714047354,1.27046357441314,1.30749375859717
1.37444536578241,1.3207004841224,1.30537926792978,1.26539498514521,1.30567579883242
1.37202579708622,1.31806383439333,1.30448722237481,1.25025706669189,1.30377606699621
1.36644493366851,1.31385419929681,1.30115128331554,1.24518135395106,1.3010065344407
1.36409240824926,1.3068640930937,1.30089497910751,1.23930457360688,1.29497091245896
1.36295712417996,1.29848866741821,1.29834442759025,1.23860649249661,1.28886682718293
1.36199405540495,1.28876008941796,1.29399911316445,1.23577352443477,1.28481328257491
1.36166639415039,1.28834874441453,1.2930307889844,1.23564426869732,1.28128914157938
1.35972721465923,1.28576925014173,1.28993877303765,1.23527970629365,1.28052296876804
1.35713770549601,1.28412388972358,1.28782988679492,1.23239059258957,1.27872650812231
1.3568052048203,1.27735127141302,1.28781857045528,1.23166331204895,1.2774319260334
1.35595832716257,1.27400169131335,1.28753460234373,1.23124050839195,1.27694911534763
1.3551130677712,1.27025885407047,1.28698208886485,1.23027228214147,1.27511692586124
1.35276016011306,1.26979759242739,1.28633297645069,1.22715162780402,1.26932566283677
1.333381618299,1.26962545562102,1.28360537306628,1.22458698913302,1.26066532581398
1.33261693917018,1.2681957954968,1.28250822207557,1.22305220792897,1.25867138219893
1.33257023861298,1.26671718754084,1.28164009865702,1.22194008454302,1.25688416596989
1.33248709110506,1.26498018523621,1.28104331708476,1.22056251754576,1.25469090753262
1.33146943510768,1.26461737051859,1.27096451553715,1.21865082163857,1.25398110239866
1.32546412190293,1.26316943694399,1.26883572515139,1.2163057854605,1.25353171372714
1.31366994689051,1.26277595659158,1.26841717568094,1.21609718143414,1.25181220606773
1.31209112468736,1.25968756621443,1.26676326006268,1.21518544997178,1.2433789781715
1.31163600268447,1.25967365361457,1.2655486611664,1.21410726994911,1.23783249872292
1.30819235665885,1.25927999008413,1.26375819369893,1.20796814028936,1.23496246063372
1.30643367951728,1.25841109506046,1.25676993233121,1.20561983087348,1.23182421042877
1.30642817137646,1.25799674018378,1.25608790103605,1.20358408116313,1.22439477682994
1.305899965138,1.25760747753741,1.25531116553528,1.20306508563645,1.22391948734531
1.3040544579459,1.25506870142715,1.24965318636747,1.20247542843131,1.22233646289819
1.29219730681519,1.2544299913415,1.24835600904249,1.2013287493226,1.22229183536874
1.29209364741454,1.23752822997981,1.24781958822634,1.20097619323494,1.22172398308552
1.29160267053007,1.23744985930408,1.24629366283512,1.19870983548586,1.2113953865112
1.28900571938625,1.22941284644712,1.24601906532249,1.19218638553806,1.21085890898018
1.2833480947249,1.2280824423991,1.24491099066014,1.19049646577537,1.20498276776297
1.28154631895042,1.22650326224388,1.24444579638922,1.18967954442165,1.2035835440367
1.26903243314485,1.22641928910954,1.24396368716818,1.18768990393413,1.20094242085821
1.2681284730472,1.22612044587207,1.24279980076938,1.18763909471571,1.19556365077818
1.26454498244282,1.22604226683077,1.24122270700084,1.18738971741513,1.18902611144237
1.26360404123786,1.21890324146628,1.23817449056086,1.17972755742662,1.18601874805554
1.25876244033902,1.21622895674827,1.23560859022585,1.17945310410748,1.18539879237795
1.2569697299492,1.21425164765005,1.23514271556828,1.17865807137729,1.17138939226383
1.2564985911338,1.21335357162984,1.23490666570015,1.17498857153406,1.17008824173645
1.25328906779589,1.2100281253921,1.23090730776414,1.17422077432656,1.16829886523406
1.25127888407954,1.20890315166439,1.22993527703372,1.17124851091361,1.1677252972235
1.25117269980876,1.20866179729176,1.22859453279069,1.17069199689821,1.1675780551646
1.24914115442567,1.20428582349628,1.2241453643336,1.16816456490906,1.16546660547733
1.24417188390125,1.20373219207083,1.22330752135168,1.16720391171745,1.16286131677728
1.23952131736822,1.20154107206722,1.22049045631506,1.1667322299737,1.16267161779903
1.23079321872625,1.1992937062744,1.21766423873648,1.1663967381753,1.1606740949267
1.23063595604885,1.19869676406656,1.21507390619597,1.16549065371438,1.15790339137129
1.23007996808473,1.1983649790132,1.21478434712804,1.16082477622358,1.15689230883633
1.22588028271737,1.19004684598732,1.20891932635712,1.15298115141803,1.15675047795037
1.22371535208092,1.18901036791808,1.20777687015338,1.15185722180864,1.15408837619397
1.22221990957129,1.18777764637045,1.20777619800306,1.15124264436832,1.15001567773816
1.21853117200017,1.18650630324257,1.20713022756274,1.14848194347925,1.14894475497867
1.2176925463618,1.1855368593019,1.20118860400376,1.14698378059159,1.1488386421539
1.21637453136353,1.18391318511576,1.19914776696779,1.14658553525066,1.14840476051897
1.21624961994976,1.18139958670213,1.19549849947481,1.14443505776756,1.14708744939992
1.21274994371302,1.17786036831231,1.19147482489093,1.14376241838284,1.14580181874787
1.21267412053631,1.17729762102215,1.18646088628926,1.14319240982267,1.13772346513676
1.21082225967018,1.17667204735172,1.18573208087348,1.14121755447832,1.13693887665211
1.21050385220135,1.17278423401825,1.18296239886798,1.14117279154881,1.13620760371163
1.20605081846055,1.171812258204,1.18132658714013,1.14048731775314,1.13004732931885
1.20518516495485,1.17015104847036,1.18097465154722,1.13649484298688,1.12923964666381
1.20487218284645,1.16810324783966,1.17984662158271,1.13560441102239,1.12793364606958
1.20227712309328,1.16631304965831,1.17895255078335,1.13385505396489,1.12742465075523
1.20115695208401,1.16558889176952,1.16803969446408,1.13221451339076,1.12216281301845
1.19675706753603,1.16438110095574,1.16791623748842,1.13029228533246,1.12129575742847
1.18551954150823,1.16110567391103,1.16651972598841,1.12824755184844,1.11958410494492
1.18505241587279,1.15924104710871,1.16353830358636,1.12789208017426,1.11953011989729
1.18402086075115,1.15797236824652,1.16068710093865,1.12076481501148,1.11871092300015
1.18369175448676,1.15638381748257,1.15980175972284,1.11976859177411,1.11407862326384
1.18067449416466,1.15533343120912,1.15939007358747,1.11957689817486,1.11121503510077
1.17569847111373,1.15521585674169,1.15728562728428,1.11762496939369,1.11067780586478
1.17441795598216,1.1499346756559,1.15233366385786,1.11667175006334,1.10728903875912
1.17402559470202,1.14921292957328,1.14942050034406,1.11620364368693,1.10214929459337
1.17075962792867,1.14223249086696,1.14310306222974,1.11423819482282,1.09642444511251
1.16046258883788,1.14031936031357,1.13688989069308,1.11364353290362,1.09409885381185
1.15693744545013,1.13387671565578,1.13678968345704,1.11321815877676,1.09186258007222
1.15680583551821,1.13177970560353,1.13677062123352,1.11043591592528,1.08922284706071
1.14626195601457,1.13120480425487,1.13383259347172,1.10863503350111,1.08546625645731
1.1427380963293,1.12893131653763,1.1279024817144,1.10427207388351,1.08273786570787
1.14026012243235,1.12734047173968,1.1192036048899,1.10401436210936,1.08053514152088
1.13945354847357,1.124153596685,1.11747569599469,1.10077868879607,1.07903136715297
1.13866447134025,1.12053856820729,1.11691739203968,1.10031054691458,1.07881800689789
1.1374918839698,1.11403945957047,1.11583681731125,1.10029260781506,1.07805716824175
1.12975364354306,1.11379753313545,1.11552180127424,1.09865121764368,1.0769695837315
1.12550589602866,1.1133764618191,1.11515021201072,1.09769886135777,1.07554706986216
1.12210966941678,1.11048024426052,1.11490866093478,1.09755591063008,1.07411919382298
1.12006132580872,1.10779157107815,1.11371965810175,1.09597316001276,1.07137818962442
1.11844602026472,1.10526021209719,1.11351107856936,1.09267692943268,1.06631237695105
1.11594659799032,1.10323243834785,1.11141085659318,1.09215240188049,1.06131871601583
1.11492193994257,1.10123806579505,1.11113821838709,1.09020651773671,1.06119249683087
1.11485196704337,1.10107192410431,1.10955781070132,1.08768360463422,1.05872252554398
1.11410491428355,1.0986914824136,1.10816764088725,1.0858344134604,1.05861304208649
1.11335822535796,1.09668775657073,1.10808260084335,1.08536231860136,1.05742796399997
1.11276492394949,1.09343833042975,1.10680577556729,1.08386542646168,1.05655276636051
1.11160122823669,1.09274746491537,1.10087432422389,1.083713224292,1.0539774264035
1.10564972489868,1.09101492366686,1.09996125397125,1.08336824239113,1.05292834112583
1.1048364486211,1.08843553490788,1.09870120795246,1.08262958859737,1.05199804023488
1.10304090182692,1.08684860911043,1.0917892836657,1.0802094316418,1.0499219791555
1.1028770471936,1.08621780504728,1.09048263158756,1.07928754035032,1.04818420382044
1.10197481010386,1.08470928015976,1.08923389373663,1.07917704532288,1.04541362381565
1.10089719785752,1.0827781739001,1.08895190713997,1.07854712727033,1.04199066796448
1.09395467679154,1.08241373121138,1.08626697556492,1.07550685503242,1.04085714522362
1.09345753273865,1.08191090339385,1.08545732797166,1.07155563598789,1.03949861961789
1.09058325448118,1.07974584764012,1.08527865782877,1.06947240499455,1.03742576324366
1.08834372209226,1.07396856659875,1.08270838156438,1.06848950298612,1.03156008973803
1.08755749778841,1.07231053062784,1.08245376353639,1.06550014009979,1.02950380238691
1.08087455421377,1.07099346496622,1.08149324756035,1.06498334685107,1.02908868021064
1.08076777861676,1.06962810540973,1.07808846939694,1.06429096809742,1.02797462361466
1.07495436300465,1.0681183154213,1.07801822918098,1.06254060411763,1.02608027623133
1.06998166710925,1.060445839487,1.07669752621871,1.05843829096096,1.02468714095908
1.06761859262532,1.05953012208459,1.07423824005188,1.05530938565976,1.01811529032707
1.06678971963375,1.05755710985844,1.07037231677963,1.04435640836402,1.01639847011093
1.06626758264959,1.05579641598244,1.06558817455762,1.04030426739163,1.01477157897343
1.06481727156814,1.05393095611325,1.06041352461548,1.03574862528268,1.01380189874064
1.06173967824595,1.05220413586895,1.05640775129543,1.03341214435972,1.0112415814225
1.0563780740514,1.04943160755047,1.05638613795575,1.03015083855666,1.01028240258829
1.04932243983341,1.04667795649513,1.0556020429134,1.02892399343304,1.00510239117393
1.04608686928654,1.04357117510085,1.05516872873092,1.02845549746823,1.00478059303153
1.04576451164743,1.04245870025576,1.05133672133679,1.02735080913766,1.00410425635834
1.04408011771617,1.0405780497159,1.04399017203995,1.02342210354846,1.00225108232977
1.04050384338029,1.0384554075022,1.04298071488422,1.0218374166962,1.00017148607673
1.04039882670451,1.03640403410842,1.04272546682064,1.0188391464829,0.991096389758684
1.03274208226491,1.03613552516748,1.03806396498477,1.01799669930792,0.990897404169525
1.03233471008034,1.03420916831389,1.03752869860481,1.01770571267627,0.98777806629439
1.03180673323314,1.0287901010557,1.03706598103191,1.01366201931911,0.987252595863368
1.03151864599306,1.0285955796888,1.0366400041908,1.01192217184634,0.98536362546536
1.02799806627798,1.0254283703438,1.03487312602624,1.01170393046814,0.982326489832694
1.02494493042496,1.02472836201342,1.03290344294521,1.00776268086472,0.982098392230905
1.02378239935704,1.02078981522917,1.03205374047078,1.00313171191062,0.980711661390622
1.02332331027615,1.0179355137417,1.02853474734194,1.00238961146014,0.979004145122982
1.02270026924202,1.01685165389052,1.02836122398056,1.00107845157299,0.978753107503284
1.02000545131738,1.01566756435121,1.02022882527111,1.00002896979055,0.977079317324646
1.01863073607163,1.01348507289348,1.01625942640758,0.998831754116485,0.973382392294019
1.01007289281214,1.01328844155235,1.01376525112271,0.994094808879621,0.972125783275945
1.00580069432982,1.01302920832074,1.01311378124272,0.994078997111111,0.968329818324279
1.00325801044265,1.01219921977582,1.01029053169039,0.991929764302779,0.966113391602799
0.999787427761933,1.00652969772789,1.00940989872829,0.99098712143381,0.964069804325971
0.99957011640579,1.00615087340835,1.00828250726231,0.988960299638415,0.958766669529584
0.995108323214456,1.00549227958273,1.00784470176113,0.988602380495072,0.957312439751253
0.989821242057368,1.00448859037797,1.00668283532243,0.987509955979201,0.957022934627506
0.975092109037779,1.00181471775315,1.00609454654693,0.986867738486385,0.956625022066646
0.974176173570042,0.999436935668893,1.00417465988113,0.985681400617454,0.955355853379319
0.973743334763885,0.999224141447921,1.00298140228918,0.981618651320931,0.952223385329206
0.972232007029274,0.998070538031045,1.00176947560095,0.979046881872976,0.951205795809815
0.964027087756891,0.997551301395477,1.00005889690125,0.976855869258264,0.949175184752494
0.963659003847121,0.994442377277302,0.997311291266366,0.976152505096665,0.948760873497969
0.962451774278676,0.993762262768655,0.994113156453657,0.973670176123281,0.947790950102566
0.957637124179395,0.993552479316566,0.992868559394778,0.970896192956915,0.945778312107718
0.950990804055386,0.992845044860816,0.992772518894533,0.969620587028555,0.943008058541717
0.949756584067453,0.988165304307399,0.989992528329649,0.968196900188306,0.940182982837097
0.949448724935603,0.987613629643764,0.989787362365554,0.965695022935835,0.939225991024208
0.946469834744581,0.985592748500745,0.988733856043905,0.964324822693164,0.932084805801151
0.942596350938432,0.981979482973832,0.984962428813066,0.96274563823093,0.930212686732247
0.942245118366568,0.981148364747928,0.981427798826308,0.962635218546341,0.925760717253693
0.94214151779516,0.979020597122188,0.975800753648733,0.958389259230951,0.925662941906651
0.941924431062621,0.97813814420368,0.97010856348911,0.957810731985781,0.924812809811936
0.940011289310832,0.977496334793484,0.969175762423842,0.95613099194961,0.924471636894728
0.939554018955802,0.976066626487879,0.968999134535151,0.954464298396137,0.911411350431229
0.935109753311307,0.971951456666291,0.968846923965325,0.952539403761839,0.910229285841155
0.933388610378248,0.969172802012258,0.967268590302694,0.95223085543006,0.909624627135174
0.930305738608534,0.968437679880335,0.963862886123248,0.94893645802194,0.909543673591585
0.928348079298818,0.965107695676338,0.96366324402159,0.944521240807336,0.900024827391464
0.927312524763143,0.964751813310964,0.963559953610282,0.943019185010542,0.896880389945205
0.92550077650971,0.962395487254024,0.958717558323781,0.941067851898998,0.896482888610983
0.920478711278805,0.957490653959601,0.958673249724616,0.939651470421025,0.891484264970553
0.919123669854444,0.957303987398826,0.951367240644568,0.937367615535808,0.889582209002376
0.919027447436818,0.957005927518244,0.950533974477427,0.937336443491538,0.88624451479251
0.918323799563571,0.955583699951751,0.943226382143411,0.935050182824917,0.883468131816338
0.916026668754943,0.950619974563223,0.939282832219056,0.934861780181225,0.883454414316481
0.912604220224121,0.950214882496572,0.932312562699304,0.934252522995313,0.880833856430778
0.911035813299799,0.94890790961135,0.930975232682242,0.931696551146937,0.880202674041943
0.910038275363003,0.947998952697686,0.930362398935385,0.927570342205562,0.876250208538128
0.907666897438628,0.944211234747253,0.929667980589511,0.921039227789672,0.876246972634228
0.907240122410785,0.936786754078256,0.928937304887054,0.920161544267488,0.86980923279233
0.900110335939538,0.935406006014193,0.927665302677664,0.917236060993054,0.869492096347808
0.897676287599281,0.93116894217097,0.927397081471834,0.916371583308117,0.868543040544342
0.896882661475258,0.930197596774526,0.926244619232339,0.910489503802184,0.861971010459981
0.896695808740726,0.929302932104708,0.925853267190639,0.906710963338688,0.861374515216821
0.89668254400571,0.927247306772099,0.923043607251788,0.906148749614996,0.85452549289665
0.895994416960685,0.92595932051375,0.92274007033073,0.899664182068933,0.853991283129788
0.895664975617218,0.924627230407223,0.921839149449961,0.89738196383861,0.853594213580189
0.894897923281303,0.91630612197996,0.919222948137106,0.896310316250776,0.850317060258537
0.894667958074866,0.915873645753923,0.911508637886115,0.895646965838965,0.849823430019764
0.89115776206539,0.915145741556649,0.910791242476736,0.895454042710274,0.848438637415545
0.886502106377759,0.915081786389546,0.909511912074749,0.892983564247271,0.836760106033639
0.886451368590433,0.913411414264448,0.908557205706991,0.892354204831563,0.836072359481205
0.885695125098168,0.91307633496355,0.907124828340549,0.891840285328283,0.834886543305132
0.880101040028067,0.911749806755038,0.905454455330263,0.89140264003191,0.834440863024407
0.879771468963264,0.910833148774126,0.904214266880403,0.890432876750485,0.834304925854226
0.879693298858893,0.908063965990805,0.902350780336765,0.889482838768236,0.834164475786839
0.878532870349083,0.905736261894268,0.900857679463552,0.885588547402356,0.833028537496314
0.87835106973431,0.904466401384493,0.900826968404549,0.885564545399229,0.832495764316997
0.877140674087777,0.904400572576761,0.897715750994973,0.883995311694883,0.828705366031096
0.870201969312413,0.902361808299187,0.895527708177519,0.882349171396823,0.827613360414276
0.869898223862906,0.901658257185305,0.893056496530832,0.881599837542256,0.826971007353424
0.868196277122884,0.890601276486199,0.892696371792424,0.881596526990544,0.823878316927384
0.867617318980811,0.885667200760879,0.892303668517305,0.880290770798292,0.823661724180317
0.866941892978028,0.884037440352681,0.883960928954785,0.879336441974577,0.820502883385481
0.865989734720797,0.884007259582311,0.882348060263284,0.879093943820825,0.819512941701127
0.865932929798609,0.881354849527521,0.876880983382874,0.875824575280393,0.819510430892311
0.865398975020177,0.878267289552598,0.873525557439321,0.874407855052827,0.817084374822661
0.863738997518987,0.875836495307955,0.873443546372291,0.87324092860978,0.815537727272757
0.856198766009204,0.8740113500672,0.869910661509849,0.86824124592459,0.814444641484216
0.852582303205691,0.871219423275471,0.866926082308476,0.867418431163736,0.812449763682961
0.852005900701866,0.867788884084078,0.866542158548667,0.865645103940689,0.811996744112323
0.851865412876192,0.863018469044631,0.863831376688413,0.855509314683278,0.811344136554154
0.851381830738683,0.856028366865691,0.862510876413613,0.852393718587325,0.806983332038142
0.851372959756846,0.855756586078036,0.856730162453991,0.848929143603707,0.806634687077075
0.85125767273373,0.854854118262041,0.853235256710669,0.843363729911596,0.806542960940731
0.85117745993187,0.854653517496997,0.851453644896737,0.839315544843653,0.806043946387786
0.850139032682206,0.85331389508037,0.848995894492954,0.838521108489589,0.803457290938883
0.848718859396893,0.850830014931268,0.845471762052471,0.838422738756931,0.801354780266714
0.84728870374461,0.850623745337728,0.845341859498468,0.836463928892241,0.799972947362798
0.844240484426343,0.850294682353081,0.842236607782269,0.83464142669282,0.797044908127741
0.843113838449961,0.849361824055316,0.841270721550191,0.82900907785228,0.79439082385765
0.843004764049725,0.844243845401305,0.839363207731101,0.827656336261407,0.79377195125904
0.842902047296744,0.843713686744305,0.832536875821785,0.824865387212919,0.793465989863763
0.842100627668734,0.843156773442418,0.826304809965619,0.823553243906156,0.792662103499001
0.841363732288576,0.840997853096263,0.824244280468013,0.822990970025084,0.792254019340227
0.838919788104595,0.837327045394025,0.823832272623126,0.822780220206224,0.791551695209699
0.835521028839966,0.834831110378652,0.822572184158189,0.822151859027337,0.788269018008399
0.82721247001972,0.834603448326263,0.822176794505581,0.821925212960787,0.78591216902998
0.827013147683263,0.83212403454301,0.821096426176601,0.821304917479194,0.784055345720964
0.826321299311666,0.830094411877866,0.821078187411642,0.820935556472226,0.782115967697291
0.815874506709664,0.824592098375959,0.818622533802269,0.819956455089759,0.776146201929518
0.814702513110965,0.82317211807974,0.816277131318288,0.819861228907627,0.770373707848558
0.813653689869071,0.822513380737773,0.813705920722541,0.818760773682829,0.768666515270362
0.810597572211309,0.819804795014329,0.812747655833015,0.816335847196119,0.76782745846483
0.808340863811901,0.819798183452775,0.812706666165239,0.815766444708753,0.766229443871077
0.808088236833088,0.818427218282288,0.811643901128085,0.812211202261643,0.761146088193951
0.806405344679929,0.818113519093408,0.811472768217646,0.811957588015081,0.760161842842789
0.799512157225682,0.817145988104883,0.810323930396217,0.810268501532402,0.759405743180868
0.797034646771011,0.813574827658497,0.810097328392006,0.808043092754943,0.757742364654631
0.794300765829152,0.811299383110467,0.809965881337973,0.8068002647244,0.755577019696145
0.792673020354872,0.810727460593711,0.809587655200425,0.806715514456011,0.750896533093174
0.791653937863336,0.808758473927494,0.806680039268962,0.802360586381051,0.747710609496007
0.791066417810565,0.807601218389248,0.805121464580543,0.800299116370707,0.747124559589622
0.7863076358317,0.805832416843647,0.803510932132777,0.798722106335395,0.745073974637766
0.784553322764178,0.805632460356613,0.799410811071002,0.797264217173973,0.743784005505002
0.783751909965467,0.805270802754804,0.799224372225172,0.797103484443013,0.743395536603879
0.783197095237141,0.804810939800043,0.798872573739384,0.79572917954155,0.737899719251102
0.779714235978447,0.80368993087539,0.79660126385005,0.795419886291872,0.737183993500869
0.776614889870475,0.802550499810068,0.79409619627918,0.795084376433437,0.736438101757396
0.773187368988246,0.802241169078928,0.792203937541079,0.794375826010407,0.735971646447729
0.772731301801455,0.802063666262231,0.791832555046917,0.792450051985799,0.733841372094456
0.772137689093408,0.795757557073278,0.791598568620749,0.789575104557461,0.72790220900599
0.763493755239335,0.793126460022941,0.791434591998147,0.788754746228841,0.725388230476286
0.759115650550141,0.78831217556207,0.790977169246253,0.784460932519203,0.724300301249154
0.758597111413585,0.786690254243851,0.789647727569341,0.782760248052844,0.718062933618412
0.758378705878162,0.782042241481727,0.789639684123351,0.776091235309615,0.715351457310492
0.758117238003392,0.78125175047086,0.787742121171945,0.77462533232987,0.715225409182975
0.755294345762549,0.780464809639372,0.786948529313399,0.773486417656957,0.713234603979281
0.755227700535044,0.780040964101983,0.783423153714796,0.773256701169226,0.712822933580281
0.753250521353214,0.779975414558953,0.782589855018774,0.772865344700628,0.711400753332995
0.751748089733564,0.779112007308208,0.781332756517035,0.770614144639178,0.711267555015149
0.750262023783385,0.777998574120627,0.779652192701698,0.77028157045284,0.710589133755427
0.743473448390936,0.775927425037778,0.779184931731381,0.769785150662,0.708789281350928
0.741999249881263,0.775535460168118,0.7788914527571,0.768078078699792,0.707637073024846
0.740069369202045,0.768182560990799,0.777945704157111,0.767568220056391,0.702167363795342
0.739468714833012,0.763480445967255,0.774681711901399,0.766491007011645,0.699666576579091
0.739421742298611,0.760905847523585,0.770366757101792,0.760927313190133,0.69901625641605
0.738814066759876,0.759946985210336,0.770302730731913,0.759032280048194,0.698191230424535
0.736657799233193,0.757862065127259,0.769379398375348,0.75796679560011,0.698084931983192
0.733690231438899,0.756818902000972,0.769075698754132,0.753149751594655,0.696879732424943
0.733501415588496,0.754462864499311,0.767072833701663,0.753058568087326,0.696496565789323
0.732711800527591,0.749758064347734,0.766431708045762,0.751820428193239,0.694263337171544
0.730625621191646,0.747621783223037,0.760849549260757,0.748659526232033,0.692112726526913
0.730139307894519,0.746591973615468,0.760507999247033,0.747509565880215,0.691511743861025
0.728077318337987,0.746123881373351,0.756878048024315,0.744954977644261,0.690824138537973
0.726336625391263,0.746092956872134,0.756300623565918,0.744167503358669,0.687605706685797
0.725234074179916,0.743555308796603,0.755042213648012,0.743462459962076,0.687323704773608
0.725216321298259,0.741800669231168,0.754411814522211,0.738766731123886,0.684297384487137
0.721635125097768,0.74082563269296,0.750725276996146,0.737663798798839,0.683096927959565
0.71991025351622,0.73897814083025,0.747872279903431,0.736965025582305,0.676575176996784
0.718423225231184,0.738936335789829,0.747762777232047,0.733311377622666,0.673290075220757
0.717900763985544,0.738815010329466,0.747621268887794,0.72889844028574,0.672209230316069
0.717603035309371,0.738353216476388,0.743600152387615,0.7247044799494,0.669080950914103
0.717013295415676,0.73535271780494,0.742523619435637,0.72359401861183,0.668938828099089
0.711870387281587,0.732845066941142,0.741145913712362,0.723219953192091,0.66866486512727
0.706135446147945,0.73170436363682,0.737857622682837,0.719949776439231,0.667081957050479
0.705736527618081,0.731075968321059,0.737739168327334,0.719915551991219,0.663463933860852
0.70424901315084,0.728644834542234,0.737385634525148,0.715547254746864,0.663207091317589
0.702460269943014,0.726621866100409,0.736651508883012,0.715412378034113,0.662968301843814
0.702440788428247,0.724870163292305,0.732844758398616,0.712121396715484,0.662772063129045
0.701724693674486,0.718566169310842,0.728888469944698,0.710920273161043,0.659181585974763
0.701385891233764,0.717679219709177,0.728014949176806,0.706035891060017,0.65916194923027
0.700047771363227,0.711635072294418,0.725576792166393,0.705531248866813,0.655917591886918
0.698324285833479,0.711574300307663,0.722772442127251,0.704705475234989,0.655705651014382
0.695518884572747,0.711511513770583,0.721102822444529,0.704489908821462,0.650451010484394
0.694668127503804,0.709829452354106,0.72095617456794,0.703880937509894,0.649974772210907
0.694360112028196,0.709397698287749,0.720682693608177,0.701921004621083,0.648699257930475
0.694222931854945,0.709084554910442,0.720324665063377,0.701831200515156,0.646928430992544
0.6833036370195,0.708238544985315,0.713690367968383,0.70043819794344,0.646859910900718
0.679822422210357,0.707726508085852,0.712305485937041,0.700365071518472,0.646193481046409
0.679233842469343,0.706435863213226,0.712229403465127,0.697408712592208,0.645472846212979
0.678568991123422,0.705937135348327,0.711664725465787,0.693801559505681,0.644379678932234
0.678013455127978,0.705109108385367,0.708111326368547,0.690879094104425,0.644224280840329
0.677633342325166,0.700726662557043,0.704155759971299,0.690368476552168,0.64400786950771
0.674545530901282,0.694913550947833,0.702888744553613,0.688958026528817,0.639279581432899
0.673161665098451,0.693327378290867,0.702602768595513,0.686280127641109,0.637910698137122
0.672749682827411,0.693068989537533,0.702464377271309,0.683024856012831,0.631417427350112
0.669917221591494,0.691117893551772,0.697283043379908,0.679504597124722,0.629709147436602
0.668728234536278,0.686582090818026,0.696047495632379,0.679040957674474,0.622899333297154
0.667626441842175,0.685032779851428,0.694899974735541,0.674131486378515,0.622673260426882
0.666533134190011,0.683227326643333,0.689026318659582,0.673885623604465,0.62207790254123
0.664294721202913,0.681709994545442,0.684049623912595,0.673747517270976,0.61720044690758
0.659665334595806,0.678999052745312,0.683470771043638,0.672508041960916,0.614138146679261
0.658637830135193,0.678892146455032,0.68275165183639,0.671642219071626,0.611062347716689
0.655528819320015,0.67748283267142,0.681021729560961,0.663633610750198,0.609585113970891
0.653146216546865,0.676080637812165,0.674023376866294,0.663205356215126,0.60879692868224
0.652384149791906,0.67232265951032,0.668148138355969,0.661928759365034,0.607947104626157
0.645373175541855,0.670853299294744,0.667749957591555,0.661701683812937,0.606307199474978
0.64504887421243,0.668957651366078,0.665661241405062,0.660614015622471,0.605374520423842
0.644959540219527,0.667926279136426,0.662903406309043,0.660286397328301,0.6017780717315
0.644599086348151,0.667146721297956,0.658555540989875,0.658485868078717,0.598892791468441
0.643206518160845,0.662869736455058,0.654158786923696,0.65749150246149,0.598369991287635
0.643146404759865,0.662811709597702,0.653627771473749,0.653337622114177,0.596471803427493
0.642861730568631,0.661411986048795,0.653115300709417,0.652771941216259,0.595826470882326
0.641173623152055,0.657804319059046,0.651344394036985,0.650122086745784,0.595807605564461
0.638045535702266,0.657049388167013,0.651172643489786,0.646952871970732,0.592930524432639
0.636482689634562,0.652024863721584,0.649624409277865,0.645974926918268,0.592343304273598
0.635780759403117,0.646411911024492,0.64469425884967,0.645929664804418,0.591778907140617
0.634735495781712,0.64222523279774,0.639835704892048,0.645673147867155,0.591647033292652
0.634073857197778,0.638987140394477,0.639161454787896,0.645477934709014,0.589834343084106
0.627313223498833,0.634912332134299,0.639037346892515,0.645190397187485,0.589367050024357
0.626610716209539,0.632733569398093,0.638464530012824,0.643678573698194,0.588455648370711
0.626568426771749,0.628647018528674,0.637780620039229,0.643364809623989,0.587586586104874
0.625137322106262,0.62691744538873,0.635385547163918,0.643018615951907,0.586090714174745
0.623792024279667,0.626136922623264,0.635220385920861,0.6415272073725,0.584731808992351
0.62348221807553,0.624644414130679,0.634738657021777,0.641478440460916,0.584518672206235
0.621379408934823,0.622593415921334,0.634429189027436,0.640101591956736,0.582133052058971
0.619805386324695,0.622354446897106,0.63435166121634,0.638088406134359,0.580347297461604
0.618224061494603,0.621803817733324,0.633764075245529,0.637220257832394,0.578347298393421
0.618046355359273,0.620860424808592,0.632719072342855,0.636720726392234,0.577451006916715
0.617286864030555,0.619443021471296,0.630991214498595,0.635796238108845,0.577358335416139
0.61497587426793,0.619115218926359,0.630412321109867,0.628939540312456,0.575657361344893
0.61305785353843,0.616774519756011,0.628591206461248,0.628844547225745,0.575027673399208
0.611923596381816,0.615734941840244,0.628589310731623,0.628751346523006,0.573023355377134
0.61033154318787,0.615285407529097,0.628371436610294,0.62711784662178,0.569984767544099
0.609887184710535,0.612038636264149,0.627495191023673,0.622549093284107,0.569737452354641
0.609632220509303,0.611730600158477,0.617612065868648,0.619894762555848,0.568872417091465
0.606995024163464,0.606891073858291,0.615703009428836,0.619820174078869,0.566043122739943
0.60644077708974,0.606787056833387,0.614594732072468,0.617333105837179,0.563646141775316
0.60492782108684,0.605943564535495,0.61457701427299,0.616949181455037,0.563488472129234
0.603534352698191,0.605784870506601,0.611219347651012,0.616319594395259,0.563476496280397
0.603409781084301,0.604484487679624,0.608633904694465,0.614625862593085,0.561914253291649
0.603318571932117,0.601507290431416,0.607679314105807,0.613804854427797,0.561818780692189
0.601502672431124,0.601423142327584,0.606256242881298,0.613333583582456,0.560780095763004
0.600360776662692,0.596119188277666,0.605873021278037,0.608483717901622,0.560575845133387
0.599571589284678,0.594274791537757,0.604010763711219,0.607582174905739,0.557171127197967
0.597751127526872,0.59375573674668,0.603652642643198,0.605122465458007,0.557121587602987
0.595113500479318,0.592638603689921,0.600631323697629,0.60368114428991,0.552857404474817
0.594061431167721,0.591158062334605,0.597005726136978,0.60362944478179,0.543629932191805
0.592785942077325,0.590852136434886,0.594364938099354,0.603592719559382,0.54315989249502
0.591831631211241,0.590688649963228,0.593217353024557,0.602681154306863,0.541571756711959
0.590050781587826,0.590654191370615,0.588543013929406,0.601372845778472,0.538888071454301
0.589998644436225,0.590423731527776,0.585308131173907,0.600696084916064,0.537504511807464
0.587723469985424,0.587788152320929,0.583951810091275,0.599369460428387,0.536017721805772
0.587424265975525,0.586792958199548,0.582096594129714,0.599259764404545,0.534948102984716
0.584315438269985,0.586302337653093,0.579554003573272,0.598688230288442,0.533830090705994
0.583942466408966,0.585970952044954,0.579218743101254,0.596677034477099,0.533012433558362
0.578917808924696,0.582726232449537,0.579107250555776,0.593511566740508,0.531808840586704
0.575395634636081,0.578906907975059,0.578660327952058,0.593345708967532,0.527748772356048
0.573789917442539,0.578788408284606,0.577353259077719,0.589988056285862,0.527400435060689
0.572645793769275,0.577406657240859,0.577189152059777,0.58982075160721,0.525746942723719
0.570830623489559,0.574211172107928,0.576976244760569,0.589312913191338,0.521429505421026
0.570636054983102,0.573679841544232,0.575479650117174,0.589235913623331,0.521323916185182
0.569300155491677,0.570499661396696,0.573952168705758,0.584330559457443,0.520845306596627
0.565940332454098,0.570197796408709,0.573151590319104,0.583478818187422,0.520691510272237
0.565101062033151,0.569465694297756,0.573092787042016,0.583333737433834,0.520538006932261
0.562898634540404,0.568408682736539,0.57241464460852,0.581384732601171,0.517112473032935
0.562894769765599,0.56633115403222,0.571381215136626,0.580732786272648,0.513220098775995
0.561433873801507,0.565371269728539,0.571033359736757,0.580329741313862,0.509757329323859
0.560301794862287,0.563774135750434,0.57003867788838,0.579780908426263,0.509103324125623
0.559998244091275,0.560942635391782,0.567961600835843,0.575232691961226,0.508181471940632
0.559237720802535,0.560469191240183,0.567409735702684,0.575173898643555,0.507843156194839
0.557686082524937,0.558408428635981,0.566617088174245,0.572226462821223,0.507465507885463
0.557357856093538,0.55545607067818,0.566263443647438,0.572201729894641,0.507432240591767
0.554839989634408,0.550006206153703,0.56501560912464,0.571206465930779,0.506638262008854
0.546298102161496,0.545852538429099,0.564831860455347,0.569907491426663,0.505050828016709
0.546150580218361,0.54470864286973,0.564282244270309,0.569528926493881,0.502013353068126
0.545431089756,0.54099406534747,0.563106019358594,0.569486521873387,0.501376901662946
0.544984326096283,0.54056705999582,0.559824266539791,0.566599432947004,0.500923028477395
0.541569786436948,0.54006909409493,0.559671103735722,0.56633841986474,0.499789944816192
0.541547666083134,0.539056195816487,0.556637245263784,0.565281831504406,0.498796620459154
0.540028582400244,0.538497480999962,0.55578915962775,0.565139047679575,0.497383582443015
0.537577568596643,0.53757815705148,0.55453889427733,0.56482829062375,0.496612426094954
0.534665783406167,0.536949769315671,0.553973158573028,0.563203357166405,0.495507762402845
0.533610557918446,0.536509782978523,0.552825763578912,0.562427004975625,0.495136816866778
0.533282427599259,0.536443119629732,0.551086472235934,0.561968340117431,0.493475792448203
0.530230249990963,0.535639927663705,0.546743231317078,0.561501262325133,0.490947355790074
0.530106995651326,0.534829510701796,0.545371693849574,0.557508337428826,0.490822028747598
0.528790036645693,0.532810962920361,0.545001731919783,0.556809721012863,0.490445823115764
0.52777278368669,0.532789040188886,0.542262896316709,0.55389993503834,0.490067619639067
0.527559465980298,0.532172730889873,0.5383514658022,0.552275032433086,0.489403979605486
0.527226903203966,0.531897818081768,0.537655478484839,0.551575209022048,0.489057444275183
0.525867311918617,0.531024881700473,0.535189331840527,0.548609152997274,0.488540350014879
0.523200697679822,0.530775793750896,0.531830346878686,0.547878771058163,0.487564136753684
0.522385011380133,0.530694480411598,0.527825144446835,0.546929029541053,0.487489250556943
0.521042500017201,0.52765351022873,0.526461832249112,0.539036156463696,0.482615664125808
0.520594406674534,0.522464763567162,0.522477663999624,0.538644165762379,0.482250672865923
0.515951214712158,0.521954386543512,0.52004306426189,0.537787317694682,0.481843019685555
0.515779225455364,0.52142707312471,0.51994415988943,0.535895410032067,0.478146490822305
0.515205966935147,0.519601603196739,0.515948912832072,0.535815301222576,0.47567064011657
0.513822572919011,0.518979705832914,0.515929631305471,0.535784592761078,0.47474026357553
0.512207071176383,0.517382790813982,0.514058695999488,0.534866308561647,0.474195533233409
0.511114328905979,0.517299046283013,0.513355871807034,0.534505750721657,0.473960331461084
0.508843876771368,0.516018220862658,0.511485092595988,0.533869050731616,0.472269845067836
0.506707662062821,0.514808419058962,0.51060713564212,0.531108014042074,0.470428758894271
0.504342158880271,0.514780028147738,0.51032533263553,0.530848968231135,0.469280919111138
0.504054477366074,0.514028260090123,0.509629209698089,0.529374801532745,0.468689273820668
0.503191941698284,0.513680058078565,0.509380769117013,0.529291103589903,0.466902679925013
0.502486504407233,0.513261045960612,0.508825433142834,0.528688931274037,0.466665140857487
0.50221057269447,0.51274676702274,0.507926763088322,0.525713879865691,0.463145741095372
0.502000087546625,0.511949482374385,0.507584989881691,0.525199977586151,0.462379683378744
0.50191273911474,0.506483899683844,0.507234643687542,0.523591395017868,0.462015350908893
0.501377442317241,0.506185389016789,0.506666597977197,0.522569815492693,0.460802121916608
0.500325781359543,0.503754515677406,0.502510127564883,0.51884103400034,0.459652770014968
0.495183395908494,0.501099741341386,0.502111099337603,0.518454635274638,0.458841816756455
0.491816936090872,0.499872567297158,0.501580412257055,0.518049403979589,0.456686303660939
0.491507292366804,0.498383354534676,0.501347046262058,0.517451877962738,0.456679645540433
0.490623757824449,0.498192416338689,0.500952770404572,0.514837984321205,0.45444789485705
0.490059080599838,0.497280270671209,0.500492167584107,0.513248446995386,0.452158762074789
0.488599926206838,0.497037058820186,0.499343278440223,0.511544981342302,0.449844089425884
0.487665126327886,0.496839142358357,0.499180005358852,0.511180812183097,0.448333555069433
0.486912486603481,0.496171251007164,0.49819953882331,0.510468827048151,0.448092383576857
0.485935281072167,0.493915039448067,0.49387600927731,0.5098381865116,0.44692352533247
0.485280241237316,0.49152620755777,0.492591780007453,0.509480497368721,0.446873940558325
0.482866884647526,0.490635312734481,0.49053663045628,0.505387813934963,0.446002556955663
0.482246095020316,0.49039515432764,0.489832622711849,0.505059670452288,0.444912460024673
0.48139032447714,0.489301899331752,0.489464825539127,0.500735969949306,0.444692537390798
0.481271781538784,0.488680137803641,0.487426465660517,0.500719950904735,0.443855310263047
0.473914694510615,0.488233234994782,0.486604434941413,0.499806916984938,0.441324093353582
0.473103988310037,0.484754124173343,0.485300320786872,0.499743075976209,0.440377361738427
0.472356119801688,0.480389439830392,0.482336013648442,0.493550550714712,0.438762036684288
0.471609797107407,0.479467591691031,0.479722408900605,0.491667984654328,0.438620730697117
0.470628206327382,0.478573190082629,0.478477317904958,0.48692649808982,0.438299578960615
0.470352030550769,0.477561311444893,0.477100938158657,0.486692441485107,0.436058569616099
0.468934113901897,0.475033920776122,0.476943224507721,0.485836919216479,0.434807850102069
0.468870294211385,0.474323591010164,0.474820535210227,0.485649921226317,0.434459938427567
0.468869476885707,0.471766509430647,0.473275697112593,0.484419215766381,0.43307848472757
0.467317018780178,0.468661144896464,0.471609018392934,0.483103180364379,0.432326175688661
0.466790852366653,0.467165806983056,0.470963788907925,0.482876181331102,0.429315900425932
0.466687617046344,0.464532131367345,0.46943932757075,0.482521491015528,0.425177643462568
0.466242431802277,0.461244278628137,0.462231612647115,0.481111393009028,0.425072133930217
0.463814491732145,0.461037105874459,0.457626018116427,0.480994200090962,0.422905259126765
0.462626659011917,0.457476640521241,0.457366618004526,0.480487894574131,0.422842034388088
0.459813812832836,0.456657134188929,0.453699376401728,0.480173324919987,0.422438045239359
0.458442411050266,0.45584073889661,0.453565703734535,0.480079564524203,0.422070020395753
0.450074866407936,0.455080260253927,0.453509376721778,0.478458740074713,0.421324201928185
0.449800826822368,0.454853664051202,0.449208411977448,0.477313158316014,0.419247192880045
0.449793375583568,0.453390805458807,0.445811402296744,0.474726524499879,0.414351072990787
0.448876948135615,0.453265477075021,0.444649640128105,0.473082465354955,0.413603893878533
0.445728532926627,0.452566208051765,0.443918402449774,0.471589874649841,0.413127980613175
0.445592772616781,0.450575288735906,0.443246536453367,0.470604705589368,0.412824383829738
0.445347471578696,0.449413741153717,0.440586912867688,0.466686525180028,0.412606818910247
0.444009412279241,0.448876159396713,0.438276758660557,0.455065869503441,0.412522575495943
0.439965350781879,0.447341541445144,0.437520867743849,0.454972473466113,0.411114801250565
0.437816122706018,0.446332542948205,0.435948952690457,0.454662220993725,0.410751298624006
0.437088085637307,0.445840536867813,0.431427910781115,0.454279539421036,0.410374594107065
0.429439173948563,0.445188567965023,0.431274579909456,0.453015209709994,0.410051096406337
0.426258095860976,0.443330124706586,0.43015821333879,0.447887090493415,0.408233355244459
0.425687935909954,0.44236990765649,0.428793090172924,0.447372770583077,0.407364066641172
0.42482646698362,0.43959881766147,0.422929564563032,0.447043455546117,0.406925124243609
0.421763101648457,0.438977294089138,0.42031106936882,0.444072354394115,0.400008363438879
0.419033556135522,0.43883015573437,0.412469682105589,0.443289669589579,0.398585786949281
0.417987525946387,0.437484006871403,0.408363153169631,0.434965424916571,0.398291497643996
0.415127671142697,0.436405176529805,0.40836159153396,0.434466120812398,0.398282048214534
0.413711806856038,0.435286296223107,0.404337377038524,0.4338447206099,0.397345471311058
0.413467383974689,0.43365220372358,0.402424040926119,0.433401036785688,0.395918424258103
0.41297099843226,0.433342472983394,0.401850508710778,0.432781910100724,0.395188053373498
0.412391238204769,0.432746245265839,0.400327539386243,0.432291151579537,0.394599406099113
0.411559629313449,0.43003313410933,0.400051815207985,0.43006107120032,0.393102949503713
0.41135811942164,0.428766717567836,0.399067555627576,0.430060176817163,0.39098988455415
0.406219891307782,0.427515162533871,0.397167956800899,0.429903525789632,0.390265360121349
0.402491455173404,0.427112968476878,0.396509930682265,0.426341915507771,0.389951305135629
0.401491905571168,0.426264138080275,0.395062675629192,0.42633540302168,0.389949466623315
0.400097049770653,0.420586304207945,0.395054832690036,0.425861120217377,0.387737153532666
0.399287424849626,0.419227829499463,0.391683697644904,0.420288801456469,0.386497472807808
0.398734756284173,0.419137428427243,0.389802532133904,0.419332975923302,0.383878429553709
0.397569466849295,0.41850421085069,0.387982690537972,0.419051075814615,0.382633795610029
0.395862861782626,0.416233976027433,0.383500804402167,0.418741394155139,0.378728088754942
0.393234735658213,0.415120722800049,0.382254480475355,0.417936335623315,0.378272755697177
0.393207220351629,0.412971927293975,0.380852726600814,0.416683989395019,0.377736013763362
0.392996935266748,0.41198056011561,0.378917490815144,0.416386298290415,0.376749031885628
0.39235460396573,0.411153244294183,0.376579525941222,0.415763313701833,0.376078327747246
0.392194027072338,0.41071739371564,0.376481227128941,0.415184434915486,0.376014938493576
0.390418274970124,0.410237289648866,0.375300849720724,0.412929301937829,0.375635214937213
0.389501096452406,0.410024759565111,0.372068004243134,0.412254965338671,0.373158119101243
0.387106165049433,0.403393170408817,0.370670934199029,0.409425670586636,0.37200015653555
0.386602673126578,0.402130152078448,0.369916838739868,0.402330828146059,0.370311076387572
0.385940414749538,0.400489888616018,0.369687160680562,0.401953372510659,0.36953805671122
0.385836534243189,0.399518136559446,0.369366984683243,0.394189233921837,0.367612534378878
0.38391269639271,0.398499927581832,0.366538268389531,0.394116071762197,0.36753854512679
0.378289343162339,0.39751785559687,0.366181161148258,0.393260104578035,0.362252499477361
0.375025259439416,0.396116896531784,0.364970456988033,0.392589114107495,0.359551124681794
0.372580816828175,0.395580239739277,0.364725644965873,0.392355258713028,0.358948523306337
0.370652334034815,0.393036801392695,0.364635187843086,0.390069694946425,0.35759404228036
0.370033492017955,0.389628418921494,0.364229116185596,0.380102888847916,0.357398469458337
0.369331450853647,0.389534767611211,0.360010128775395,0.377922562589691,0.355553610678759
0.366013456235842,0.389212939181612,0.359519636316673,0.376542758943059,0.355396995069642
0.364496287416391,0.3874584600668,0.35872654529472,0.375772221342271,0.354773248545642
0.364154324025045,0.387364437419882,0.357821333782659,0.373475727190073,0.352430909895517
0.362936732922477,0.3868587915566,0.357565614373853,0.372833543568299,0.351948012667683
0.362062606699988,0.382703007229879,0.357342344651917,0.37150436415981,0.350238404548579
0.361140302015778,0.376585215149489,0.354753816581554,0.368102099600608,0.349751888953965
0.360919376085664,0.372996653857805,0.353590864023388,0.366501186056588,0.34950074347616
0.35929060391302,0.372580132351797,0.3519748005637,0.365950516392813,0.346326534143364
0.359072118408186,0.371752423729168,0.350776163453878,0.36433947648885,0.346095741227214
0.358262847901203,0.371523876233042,0.349312016610953,0.364125910236963,0.343409371244754
0.357157596743337,0.371139917761904,0.349176506010606,0.363905097213751,0.342571687996793
0.354222015150633,0.37110142796571,0.347754895765702,0.360191668335181,0.340863807074528
0.354049320651145,0.367633927060046,0.347220576929786,0.360020446623143,0.340408822658766
0.352581205945228,0.362736681692385,0.347099621998512,0.359967637933201,0.339127218834421
0.350141774498675,0.361986726173966,0.34564454388313,0.359661376099318,0.338785973477109
0.349974996227118,0.359575509665758,0.345354490766081,0.358731283284394,0.336377501381969
0.349120130756249,0.359216861191363,0.342611423759567,0.358281288504262,0.336237075119901
0.347397611043522,0.358916627061252,0.341913343609549,0.358130710195331,0.333542059681578
0.346965214520243,0.358422611155674,0.339155154550889,0.3567549484411,0.332323315509231
0.346214446227886,0.357274899445887,0.338687370528177,0.354405009799384,0.331926282762486
0.345338190076589,0.356296343079575,0.337749243102039,0.353114612398142,0.329602531242886
0.345121920954959,0.356228987912644,0.337332351997646,0.351674225540279,0.328742763994472
0.343979901651444,0.35368428045055,0.334368389742559,0.350616831433805,0.327066279423472
0.343934245760809,0.353418154445714,0.332284033761598,0.348515330033733,0.32705492855435
0.343453221180708,0.353308818861026,0.332219090373168,0.347602284854893,0.326245614180013
0.343390887497864,0.351920785214155,0.325650560898357,0.343983360984069,0.325493628401544
0.341699751512657,0.350616302134638,0.325247098334782,0.341672350047822,0.323576746860929
0.338238001852497,0.34936536735053,0.324440886293873,0.336996377620695,0.323036529448184
0.338177980145089,0.349102166623367,0.324118392111598,0.333889877794574,0.320353486120715
0.338151853816185,0.347799688579362,0.323777165412327,0.333238482728773,0.320022123834409
0.337528074449502,0.346353345958534,0.320188269914983,0.332272549949378,0.317655204803745
0.336325553704429,0.345874176591038,0.319649999805537,0.331171813236311,0.317339031789561
0.333363870975808,0.344302095662941,0.318584666453738,0.330559734453689,0.315840593656141
0.331755145046311,0.343848923716136,0.31837830488681,0.329447990722249,0.315833802840549
0.32874555858681,0.343552579102932,0.317955793924394,0.329184719360099,0.315279846979904
0.328332253634819,0.34130703157102,0.316957522408651,0.328191276561566,0.313057977813373
0.327904450547979,0.34065382622484,0.315708244688919,0.327967090876001,0.312457426314146
0.327373501100551,0.340087870232619,0.314628032613414,0.323028077175025,0.310493062450883
0.326717940543907,0.338259195444174,0.314548045822091,0.322678455561291,0.310455344748568
0.321527669493741,0.337749932939477,0.314160464505327,0.318540298740753,0.305875449442262
0.320200324970802,0.336867008052195,0.308098710526201,0.316471219228435,0.303319222702242
0.31888536891915,0.33348060870409,0.307584047450472,0.315596418950291,0.30110651144272
0.318777202918687,0.332795169626549,0.30735610788627,0.313384642738911,0.300954987390226
0.316746926918466,0.331527939009061,0.306801295079077,0.306470026822226,0.298080246948107
0.308666014779229,0.329839631444101,0.305445010753278,0.306249073499854,0.296576371609173
0.307597891279623,0.3271667042086,0.303935010497303,0.30493820630465,0.29589870365861
0.306947546236418,0.327036709302714,0.303221661776052,0.304608816831538,0.294886489260817
0.306602358966997,0.323506885504653,0.300640069959693,0.303087306893897,0.294519327943447
0.306296725096164,0.323203912881737,0.299358747733502,0.300470081814234,0.292325450972986
0.305828026660082,0.323113039329653,0.297964813257371,0.299459330646156,0.292158545644132
0.305397476824175,0.322530728854256,0.295635915097408,0.298685599801924,0.290804928696181
0.304964205750617,0.322357872559354,0.292577014027182,0.295158403919642,0.290531916828368
0.304810882255286,0.319082347009627,0.291145690329814,0.294070717546864,0.289786642954617
0.303590989831052,0.31796156921025,0.290332074471658,0.293532592689552,0.288972888440351
0.298401053146997,0.317045351552612,0.290119393470871,0.290380510293903,0.287641280030417
0.29804055688315,0.315333375842154,0.285695990691768,0.289100140017734,0.287066117892302
0.292025155789209,0.315099767771094,0.283598350286845,0.289001235631726,0.287024914996712
0.290295589728015,0.314370915039322,0.283326125337174,0.285617241652942,0.285024609935674
0.290174707947253,0.313382763470792,0.281442876652282,0.283802254271257,0.283741601100523
0.289040080378165,0.312011332517008,0.280236490569976,0.283312440223386,0.282736517554551
0.288456976366766,0.310782989754153,0.279732959682625,0.283143190784132,0.282013850083039
0.28584126929429,0.309225648416521,0.279675760671127,0.281720094643038,0.28112511136302
0.284761465479303,0.30919816938405,0.276066218650693,0.278860465550761,0.280811951150868
0.28413045152113,0.307775497398538,0.275712847510447,0.27809392799828,0.279587843843788
0.283623460770932,0.306223756002797,0.2754274612647,0.27656237429375,0.279095105094414
0.283436444616881,0.304166534562528,0.275174511389312,0.276195992604745,0.276562236077886
0.283138200189026,0.297120140755297,0.274150457466429,0.274508441719472,0.274851822968758
0.275743552408331,0.294727252244688,0.270230881382456,0.272337187368171,0.27335282198745
0.27454864559102,0.29345433315081,0.270034139866965,0.269995579576009,0.272106084204247
0.272837644700453,0.293067283323196,0.268439010520991,0.268843963555164,0.271166767102263
0.272709325256364,0.288628938821942,0.268156671078276,0.267834714547152,0.270843207956666
0.271858706680987,0.28277185692934,0.267271026457243,0.260268099839124,0.270213412204438
0.270515569303082,0.282486836630587,0.266799200562564,0.259608454874123,0.270014019078521
0.269833451072302,0.281127791217957,0.265594671804188,0.258868461462288,0.268909927884413
0.267597792876532,0.280890878459674,0.262855028754982,0.257075370785813,0.268114795630296
0.266074744713295,0.276905365900186,0.261565081386823,0.25536723581238,0.268056927490248
0.263929379648318,0.273850694327184,0.260177286482609,0.254971848904682,0.26730985737607
0.262864540296383,0.27323811724957,0.259251342482582,0.253924188452497,0.267082350194233
0.262821066427394,0.271205914955849,0.257486155573548,0.25277786424542,0.265880535179485
0.260295033028499,0.26898562135011,0.257143975052542,0.252432963548956,0.263207314514312
0.257883578856085,0.268222721227771,0.25691754910724,0.252295006671718,0.261375711659821
0.257875847321542,0.265162402091684,0.255736384232507,0.249704110118998,0.260071133406569
0.257743709198713,0.264012494905677,0.254368285088021,0.248752238278103,0.257949991875771
0.255465607497309,0.261630010684926,0.251923658379319,0.247813087673058,0.257855087130728
0.25492800674655,0.260547349636959,0.251448596273165,0.247129762655749,0.255441944920728
0.251527958929708,0.260403376987005,0.251122160897718,0.246504754832248,0.252327970074484
0.250975082738622,0.259678275391623,0.250675419739667,0.245781501697646,0.251783619687011
0.249329910310641,0.254824095459412,0.249662810022244,0.245266204264956,0.247475969182006
0.248322789945271,0.249637005100815,0.245028492000162,0.243923662190418,0.247328065002893
0.247916684591738,0.249271613343941,0.243664689962268,0.243918677686116,0.245717903390342
0.247624748686961,0.249039220625492,0.243413819534176,0.243547059546882,0.245554895461046
0.247470757610149,0.244905658409659,0.242459502035897,0.242085330124003,0.243867718660634
0.243365323227711,0.244505530107438,0.239979624365608,0.241312021934041,0.243282821417476
0.241341993005829,0.240807429874796,0.23925939056193,0.238198317162238,0.24141502965224
0.239438074592812,0.240714656006744,0.237127661708858,0.237456699737486,0.240902371931823
0.238209816449323,0.240713268129596,0.235196215334878,0.233329238158265,0.238410931877064
0.237355062596488,0.24028407443813,0.233531362268545,0.23330210044323,0.236951515026736
0.235813275753782,0.24022684045101,0.231115544268408,0.233152570800795,0.236950787594469
0.234901891348572,0.233987434028804,0.229190470541868,0.232275183455667,0.236568085924431
0.234169818131047,0.232825176098992,0.228086759956099,0.229481143679447,0.236166331887251
0.233432486188682,0.226341754861581,0.225718138088533,0.228923458703904,0.235793969495079
0.232721526030939,0.224141493133277,0.223141409953497,0.227978904652406,0.23100736211
0.232135931401302,0.224085172774597,0.220336922266738,0.227650876249915,0.227608481321438
0.232000021067626,0.221493884726259,0.218738377503759,0.226581729233976,0.225800405801638
0.229418508780597,0.21742212899766,0.218396093479232,0.225334261419605,0.225732780009556
0.229228746324688,0.215417076465151,0.218339006724842,0.222274242572888,0.225233986571101
0.228873067528745,0.214727640037497,0.217954801432474,0.219687486888601,0.224227012337794
0.228218024216889,0.213015137733921,0.217854209853181,0.219439312693967,0.222133546138583
0.225876279025287,0.212626832625259,0.212273564094546,0.218016302362577,0.221745458215392
0.225016685876016,0.212606417882755,0.208285613320765,0.217821190286871,0.220627072337941
0.220741402166708,0.211451190251228,0.207821165748098,0.217416338638204,0.220408866492178
0.2201264754121,0.208375785428102,0.205496127545644,0.216664921072982,0.219897664819337
0.217921638329158,0.207483315749102,0.204928022956945,0.215148258688437,0.210294815846659
0.217242434616672,0.207264948151975,0.204197588713519,0.214823390334429,0.20724337058513
0.21533500609166,0.204802979460862,0.202040790700317,0.212196782590059,0.206399383078488
0.213031996045834,0.204204051143079,0.201579866621193,0.212140215361808,0.205255353472079
0.21210757903432,0.204073479138094,0.199692078134027,0.206707701962301,0.202632247767045
0.211468674523456,0.20403709116212,0.197878954572047,0.203491043398585,0.202299967451422
0.209492581056263,0.201679880475132,0.195179583025374,0.202056614711126,0.200455364450778
0.207015487841006,0.201522062981774,0.194388957409495,0.201647247991767,0.199459276560876
0.205367201997203,0.199887013173781,0.193448800667682,0.198671176064726,0.198076404670791
0.202431306649543,0.199761124504451,0.191384701427373,0.198407186977693,0.195661823183286
0.201537477209241,0.198502406692683,0.189533603153933,0.197817040883445,0.195545151149883
0.200862326342124,0.19684459365518,0.18894705703909,0.197384213504129,0.191385021686425
0.200120050298156,0.189373871330835,0.188843645019537,0.197190488149331,0.190770007782648
0.198549829808386,0.186854792133178,0.188578786832779,0.196489515594288,0.187979931695555
0.194359258492311,0.186423144545631,0.188390004450195,0.195820516402587,0.187907346075789
0.19329361488519,0.185034133355976,0.186519326159058,0.191524781474645,0.186063736973674
0.192851745631735,0.183679299542346,0.185960722421971,0.18802790840183,0.185019187111688
0.191247193733941,0.18312843977115,0.183884826066026,0.186988897105556,0.184737531410261
0.188153255707216,0.182885820962295,0.18374084175758,0.180926443507343,0.184044243391243
0.187453839508423,0.182190027037732,0.182451905000585,0.179543710398229,0.183947714694928
0.187375177395722,0.181589902076189,0.178954134787628,0.177796161447982,0.182562545682238
0.186737084171555,0.181208363813885,0.178302757970816,0.175829749591781,0.182398192702553
0.186167975259479,0.180194365021019,0.176018157340869,0.174191356138519,0.180879609285224
0.186068968086015,0.179257078917117,0.175806901281767,0.173731193467825,0.180686901501612
0.182041629450775,0.179135222747085,0.175308867795157,0.172970106063185,0.179202824030292
0.181709495611588,0.178897202075924,0.172794214483729,0.172526598188937,0.179132311696742
0.180307999161707,0.17805328882471,0.172504205514458,0.17227603711581,0.17579072664721
0.180238764428927,0.175215271921578,0.172335725826261,0.171404921486193,0.173532167354912
0.178521288960375,0.171749585560478,0.171575039086286,0.171111445418373,0.172669817634697
0.178413893439002,0.163106192587917,0.171550538918735,0.170036330673128,0.171922089999253
0.174622317664326,0.162910937953386,0.171448924488958,0.169916923104555,0.17180643074712
0.167614049120627,0.158921733561599,0.1699201903689,0.169902245382049,0.169321479037102
0.163140405487521,0.158017471552891,0.169505771225304,0.167519266257095,0.169217129739648
0.161998319530096,0.157872900561887,0.168371101702841,0.166685043045349,0.168422391153559
0.161294485252464,0.157252103665719,0.164888805255898,0.164633510025476,0.167448178226387
0.159975277042002,0.156683010981877,0.163843670766992,0.164136974755204,0.167095979139738
0.154075173161785,0.156522035359854,0.162662836716638,0.163584777414139,0.164452153130249
0.153527292916483,0.155648922189084,0.162475570442202,0.160689918304442,0.16390047774427
0.150853448107296,0.154650470031213,0.16183716163614,0.160341813854825,0.163311015558266
0.149439469946749,0.152200719898222,0.159051736731744,0.159414043770596,0.161134975313346
0.148922488327141,0.149889289925564,0.15868560466526,0.155010886179986,0.16046596937727
0.148656278685524,0.149298334724889,0.158131892784237,0.153614409476502,0.160211806531485
0.147895536964844,0.145720175164838,0.158007159461235,0.15319851276013,0.160041070814541
0.146723815654731,0.145239358879344,0.156052437498556,0.152685469356279,0.156766655542253
0.144362504383764,0.143620762488776,0.155658455525078,0.150831658524449,0.155295261241417
0.140972362118955,0.142867429511805,0.154414636426021,0.149284861477008,0.154845509551093
0.14015363024903,0.142125389390366,0.154142782663774,0.149034043022573,0.150609854105207
0.139931456578204,0.141972281889954,0.15394094571033,0.148804753581726,0.148665495084643
0.13900732127912,0.141277920241214,0.153101307910471,0.148546122198479,0.148414092782536
0.138662479864549,0.140988085378661,0.152868638787072,0.146857540267034,0.147955552047398
0.138592483168176,0.140753436054019,0.150634707746541,0.145307248987012,0.147922527977916
0.138111760248293,0.137376272726012,0.150211103420029,0.141870726527646,0.147087992614262
0.132948933920942,0.136153409540156,0.147953752434578,0.140793869531061,0.143272736271095
0.13221911721258,0.136150742373252,0.147804587100101,0.136707937903531,0.140926356078875
0.132138693451021,0.133331992802095,0.147376798627103,0.135742768206254,0.140634150597989
0.129393112084054,0.127403498798057,0.146898796571914,0.13448086870976,0.13855951680862
0.128862766203847,0.12608356892085,0.146687355252379,0.130880659049582,0.137846553539582
0.127487835342976,0.126056622776079,0.145499815153265,0.129387967294677,0.133377525953768
0.124004534272914,0.124564063715089,0.144577078296845,0.12925745366202,0.131241433767781
0.11981066451259,0.122229624829895,0.143528519698621,0.128060795791147,0.129968543158048
0.116651212747161,0.120523396021013,0.143062167906035,0.127272257312114,0.12314294392163
0.115651387380929,0.118276541175375,0.139578339805253,0.126083990109976,0.121751681641506
0.114732850523673,0.11623478778161,0.137376658861395,0.1224668175425,0.121023007513986
0.113979630205695,0.115241837797469,0.134219590963485,0.122312615481616,0.119832790887801
0.113935146667697,0.113169907237853,0.132255608820997,0.121028160025157,0.119061215235606
0.113520532476814,0.111719290487229,0.130723599986695,0.120938833404236,0.117109162748416
0.113230103234367,0.109748106250601,0.130571775995272,0.120113796862573,0.116587913350092
0.111044987609683,0.109665275373158,0.129999886499609,0.119638729482167,0.116504626547541
0.108402902147219,0.108215238287701,0.125519992980697,0.1184433671597,0.113990081435606
0.107483996581843,0.108008872178866,0.124643592528373,0.117531272255528,0.113592673900798
0.105884431040212,0.106017300800068,0.122208816722597,0.115537263443049,0.112272693373144
0.105123509742276,0.103959933229594,0.121672034851066,0.114815377479004,0.110096676258664
0.105022119303563,0.101751656200243,0.121070918949796,0.114336322838389,0.108936701443663
0.103637184339355,0.10052274132543,0.120621446983536,0.113828564523871,0.108734837532729
0.101686432719674,0.100417686039985,0.116582208972896,0.112856292919583,0.108577421730391
0.101305655094,0.100043646259715,0.114438485375873,0.112809060074318,0.107942795489622
0.100763331880726,0.0968775373844418,0.113239065595953,0.112002155741635,0.106290712208845
0.100503781995859,0.0941344510195885,0.113205359831119,0.109185274705683,0.106179774708972
0.0999798533664244,0.093337341852108,0.109047625443154,0.108211292714929,0.102006422950547
0.0967255068354966,0.0920225461491697,0.108582858513333,0.106597379468611,0.101415568572511
0.0963448229442725,0.0910228348778418,0.108513066584451,0.105365889382063,0.100943652654781
0.0892577070498831,0.0901598139566002,0.107300979214488,0.103276381213254,0.0992700845222409
0.0857388399173941,0.0892114310125067,0.105814645126022,0.102842149316004,0.0970775705086776
0.0855632841250524,0.0880356922543592,0.104238288302531,0.100670810028281,0.0963983299625454
0.083523394452414,0.0870076539074101,0.100651307167279,0.0998178035829223,0.0944269613704314
0.0832260998202475,0.0855338503471171,0.100122096414979,0.0981825051985086,0.0928259644668172
0.0812474608252422,0.0851767488108842,0.0983844337574842,0.0915079242343215,0.09222473646814
0.0807722384578796,0.084912623977941,0.0957841908906616,0.0875778349586985,0.091896590572013
0.0805626182443766,0.084783835120685,0.0940918561529432,0.0805549840087973,0.0914334075378045
0.0799493833772921,0.0814060731891006,0.0934848605040569,0.0784559796853739,0.0907609392385673
0.0781040670825594,0.0777531096270537,0.0901249916350597,0.0780176073523378,0.0889317761718379
0.0779713805463363,0.0777502601011598,0.0899364248229503,0.0778182143907206,0.0869916544959261
0.0777698888682513,0.0774349524634409,0.087824266317158,0.0773421283338277,0.0858699771420267
0.0766956734829503,0.0760074063857324,0.0876363051651631,0.077285794496888,0.0857629195044147
0.0763331120820196,0.0756287134260132,0.0846680799929082,0.0771577843531399,0.0852748676652573
0.074252116626547,0.0752863049887723,0.0829701413985604,0.076713290272136,0.0848045517527578
0.0726103579342774,0.0750827113731549,0.0826135709087059,0.0747273906758092,0.0836007425291627
0.0686248371142783,0.072790854125732,0.0803484206860375,0.0716825334293313,0.0805556505139297
0.0678875897131651,0.0721140444597912,0.0795339913980465,0.0714318358035262,0.0790314916927364
0.0660014244013479,0.0716696121736917,0.0789958428402726,0.0692346369369115,0.0774194678155229
0.0654459576660627,0.0709565659946539,0.0762182924523156,0.0688775060983162,0.0755077037323825
0.065115047695081,0.0695224110123198,0.0761537010393248,0.0667873858441529,0.0746695451340891
0.0620700313305206,0.0689863581173833,0.0742130684745946,0.0650951073342005,0.0744730876706151
0.0605783966940132,0.0658180259781976,0.0722872421073136,0.0646023970420789,0.0742455873396318
0.0597256228409623,0.0636172523746827,0.0692938144641166,0.0603970889772969,0.0727152593109797
0.0584561507688076,0.0552374310187569,0.0667301250131874,0.058198571431427,0.0715956316511387
0.0568637645347022,0.0536630494955505,0.0653696869839284,0.0555173082646373,0.0705190736860338
0.0542673407251523,0.0531130732021588,0.061076636479733,0.0549775754924427,0.0669560641662971
0.0529800275252827,0.0518775684585141,0.0584776471445769,0.0545161083048448,0.0668961358269975
0.0508356602736135,0.0518498788101443,0.0571638255025714,0.0544170488845922,0.0664165399533427
0.0506961720354376,0.0515985135125869,0.0553023820313162,0.0540720916960266,0.0658435278058698
0.0487832745132405,0.0510090678576483,0.0551536360372894,0.0540592040137712,0.0620024047416977
0.0487524783174757,0.0474494150907444,0.0538572045695222,0.0539045112127998,0.0591494900134493
0.0484839689497096,0.0468363622120775,0.0493034118915177,0.0531286458721501,0.0586612151680556
0.0464796467430354,0.0459929478374535,0.048143053781322,0.0530756668406309,0.0582099124068938
0.0453823559189285,0.0459057914998224,0.0470182257559026,0.0527226580695621,0.0555990212376406
0.0414689513811948,0.0455711569467022,0.0469149638373955,0.0521055625336682,0.0546186574384889
0.0411270554319012,0.0434568407030266,0.0457117283543173,0.0471463633601787,0.0518934755012562
0.0408934953452517,0.0428487817320371,0.0435677147955673,0.0470574270496919,0.0439248770914439
0.0379451071547445,0.0427076264705399,0.0415641133967315,0.0466620690847194,0.0426634173068029
0.0378892679759956,0.0382949839667656,0.0411700501009239,0.0451804068336789,0.0385162146478413
0.0361308501625904,0.0375602624525561,0.0407149935309504,0.0430816378377546,0.0372834997826728
0.0351623814188978,0.0367274356322736,0.0398822957386926,0.0410057247547072,0.0372811484271947
0.0345590944847217,0.0353114674900886,0.0388463223375962,0.040306676841204,0.03446541498328
0.0334696015342013,0.0317562675193143,0.0386142538509042,0.0402845567908589,0.0328432518690571
0.0333263556070662,0.0317508557441881,0.0381202308113021,0.0397618170295431,0.0303064046854784
0.0331062483085725,0.0297166875689995,0.0371262296812186,0.039419881936787,0.029405254459527
0.0326655322539023,0.02919538744117,0.0346574971554677,0.0385238933063711,0.0294025472978516
0.0318278361332394,0.0283120399150857,0.0345690649742869,0.0379601606781083,0.0266050766507291
0.0317682715324833,0.0276179720117614,0.0345096426450962,0.0367090790799722,0.0257422016769896
0.0303871827859026,0.0271278597359796,0.0321519738991777,0.0362512342251482,0.0248574955886991
0.0302494829343282,0.0246830048531804,0.0313532392508562,0.0349741263255011,0.0247285742619013
0.0281863875378857,0.02321987192229,0.0311520736431214,0.0336833571457676,0.0243125271624533
0.0278625780485709,0.018402644049003,0.0299685797851958,0.0315124477365748,0.0223781971185832
0.0258527027905341,0.0174204846635303,0.0294749097522615,0.0258113637365702,0.02233019263593
0.0222759467553204,0.0165327977457089,0.0289394383329586,0.0229380826251934,0.0217980257398711
0.0212269465973562,0.0165252930542959,0.0278065897560184,0.0225605249832061,0.021595238892632
0.0208956512962114,0.0163454884137245,0.0272293628493652,0.022008867922802,0.0211283425795819
0.0204126123171866,0.014725140863101,0.0237767522165281,0.0185580974141332,0.0171131596703272
0.0199968039673618,0.0140603776175305,0.0233570080765724,0.0161701529300453,0.0152360305865663
0.0197957062448588,0.0137480489125961,0.0145540027601126,0.0143211494658166,0.0148389914381266
0.0158498226588807,0.0121137435551154,0.0129590071328542,0.0140869522795813,0.014539583967458
0.0146041966844175,0.0102613292303151,0.0120649174649769,0.0139410025407933,0.0142618986113685
0.011444560277553,0.00820643081144453,0.0114863936845256,0.0122071800015276,0.0139680524372824
0.0114050828369073,0.00536056615801674,0.0113865929930763,0.0118159545605528,0.0134600450386388
0.0103538478299981,0.00460534678052703,0.0113667649145742,0.00779412831321038,0.0130740323938404
0.00778760598285348,0.00352572158174359,0.0103780785572355,0.00645917686992454,0.00714577743870728
0.0056377901382525,0.00332548967689172,0.00731497255471598,0.00455831829091752,0.00377851017231925
0.00350477003069173,0.00298212117443314,0.00297098432000663,0.00306872846457996,0.00260699701501765
0.00239993031116955,0.00170242113587282,0.00209063299945457,0.00269347644823885,0.00226139797234247
0.00011862747322481,0.000950127851340154,0.00127262391152128,0.000975312653693521,0.00165556365771406
